0 0 1 14 5  23 KYDX71DJATPLUTAHNBZX 24 0 1e+300 2 0 12 0.00598675 0.00594779 -0.002 15 0 0 0 16 -0.00598675 0.00594779 -0.001 18 0 20 0 0 0 31 -0.00598675 0.00594779 -0.002 0
0 1 1 14 5  23 KYDX71DJATPLUTAHNBZX 24 0 1e+300 2 0 12 0.00598675 0.00594779 -0.002 15 0 0 0 16 0.00598675 0.00594779 -0.001 18 0 20 0 0 0 31 -0.00598675 0.00594779 -0.001 0
0 2 1 14 5  23 KYDX71DJATPLUTAHNBZX 24 0 1e+300 2 0 12 0.00598675 -0.00594779 -0.002 15 0 0 0 16 0.00598675 0.00594779 -0.001 18 0 20 0 0 0 31 0.00598675 0.00594779 -0.002 0
0 3 1 14 5  23 KYDX71DJATPLUTAHNBZX 24 0 1e+300 2 0 12 0.00598675 -0.00594779 -0.002 15 0 0 0 16 0.00598675 -0.00594779 -0.001 18 0 20 0 0 0 31 0.00598675 0.00594779 -0.001 0
0 4 1 14 5  23 KYDX71DJATPLUTAHNBZX 24 0 1e+300 2 0 12 -0.00598675 -0.00594779 -0.002 15 0 0 0 16 0.00598675 -0.00594779 -0.001 18 0 20 0 0 0 31 0.00598675 -0.00594779 -0.002 0
0 5 1 14 5  23 KYDX71DJATPLUTAHNBZX 24 0 1e+300 2 0 12 -0.00598675 -0.00594779 -0.002 15 0 0 0 16 -0.00598675 -0.00594779 -0.001 18 0 20 0 0 0 31 0.00598675 -0.00594779 -0.001 0
0 6 1 14 5  23 KYDX71DJATPLUTAHNBZX 24 0 1e+300 2 0 12 -0.00598675 0.00594779 -0.002 15 0 0 0 16 -0.00598675 -0.00594779 -0.001 18 0 20 0 0 0 31 -0.00598675 -0.00594779 -0.002 0
0 7 1 14 5  23 KYDX71DJATPLUTAHNBZX 24 0 1e+300 2 0 12 -0.00598675 0.00594779 -0.002 15 0 0 0 16 -0.00598675 0.00594779 -0.001 18 0 20 0 0 0 31 -0.00598675 -0.00594779 -0.001 0
0 8 1 14 5  23 KYDX71DJATPLUTAHNBZX 24 0 1e+300 2 0 12 0.00598675 -0.00594779 -0.002 15 0 0 0 16 0.00598675 0.00594779 -0.002 18 0 20 0 0 0 31 -0.00598675 -0.00594779 -0.002 0
0 9 1 14 5  23 KYDX71DJATPLUTAHNBZX 24 0 1e+300 2 0 12 -0.00598675 -0.00594779 -0.002 15 0 0 0 16 0.00598675 0.00594779 -0.002 18 0 20 0 0 0 31 -0.00598675 0.00594779 -0.002 0
0 10 1 14 5  23 KYDX71DJATPLUTAHNBZX 24 0 1e+300 2 0 12 0.00598675 0.00594779 -0.001 15 0 0 0 16 0.00598675 -0.00594779 -0.001 18 0 20 0 0 0 31 -0.00598675 -0.00594779 -0.001 0
0 11 1 14 5  23 KYDX71DJATPLUTAHNBZX 24 0 1e+300 2 0 12 0.00598675 0.00594779 -0.001 15 0 0 0 16 -0.00598675 -0.00594779 -0.001 18 0 20 0 0 0 31 -0.00598675 0.00594779 -0.001 0
0 12 1 1 5 0.0005 0.0005 23 KF6843H84OPHH3017U3D 24 0 1e+300 2 0 12 0 0 0.005 15 0 0 -0.5 16 0 0 0 18 0 20 0 0 0 31 1 0 0 0 36 0 0 0 0 0 0 0 0 0
22 -0.00748344 -0.00743473 -0.0029375 0.00748344 0.00743473 0.0264375
28 0 0 0 0 0 0 0 0 0 0
29 0
30 0
25 Plate F83J03ZGKK1IJUBXR4IJ 0 0 0 0
26 0
27 12 0 1 2 3 4 5 6 7 8 9 10 11
32 KYDX71DJATPLUTAHNBZX Steel 0 7750 2 1e+40 7 2e+11 8 4e+09 9 4e+09 10 0.3 11 1 12 2e-05 13 0.7 14 1.7e-05 15 2e+10
32 KF6843H84OPHH3017U3D Glass 0 2500 2 1e+40 7 5e+10 8 5e+07 9 5e+07 10 0.22 11 1 12 2e-05 13 0.7 14 1.7e-05 15 2e+10
33 KYDX71DJATPLUTAHNBZX KYDX71DJATPLUTAHNBZX 200 0.6 201 0.7 202 0.05
33 KF6843H84OPHH3017U3D KYDX71DJATPLUTAHNBZX 200 0.8 201 0.6 202 0.05
33 KF6843H84OPHH3017U3D KF6843H84OPHH3017U3D 200 0.9 201 0.45 202 0.05

